0.893346564 0.73041129 0.631108044 0.753561523 0.296329108 0.636202625 0.025056342 0.698409616 0.07051718 0.90737735 0.409839699 0.63623596
0.573155562 0.129530082 0.147747121 0.331372857 0.056892011 0.731491555 0.98443837 0.509793032 0.012329944 0.744135905 0.545350265 0.27154687
0.078890708 0.389719285 0.741995641 0.691371769 0.119544395 0.908869046 0.828050285 0.391488309 0.376497497 0.757640354 0.800421566 0.707705451
0.64005164 0.78516675 0.967507118 0.550333795 0.539111806 0.165947462 0.178832095 0.656067844 0.327450109 0.649566688 0.337548367 0.961472239
0.807857229 0.107504908 0.102810986 0.766141332 0.721396648 0.593103039 0.784693159 0.761733986 0.387606398 0.383536402 0.417684187 0.136368416
0.322197987 0.87350877 0.230444128 0.416821702 0.512221971 0.862998346 0.445318169 0.465067466 0.076197583 0.306635395 0.980335216 0.724462625
0.574705448 0.321754465 0.384193833 0.992939286 0.12784753 0.481783863 0.0887331 0.042320219 0.32918906 0.872716344 0.202268006 0.615340744
0.775385989 0.124225215 0.397947565 0.82646167 0.843368364 0.971058413 0.208431833 0.370696272 0.785612548 0.895249238 0.529140504 0.263112622
0.541449088 0.646573875 0.915329209 0.198701553 0.976763935 0.364979308 0.049223252 0.572107984 0.679032493 0.613311945 0.266704191 0.008824242
0.433475281 0.390013957 0.412594542 0.174852581 0.845471647 0.096198636 0.96306533 0.34512252 0.275794581 0.378136612 0.852746838 0.648427289
0.231425934 0.462187176 0.290203346 0.501061314 0.171077155 0.017504885 0.459461044 0.940885722 0.991961766 0.976018588 0.830837096 0.515051414
0.459235822 0.453852909 0.509009587 0.65750972 0.271637865 0.804175085 0.992369754 0.220804179 0.170623702 0.199259054 0.272178575 0.653663424
0.994107413 0.232305138 0.232870372 0.822490707 0.179381813 0.669573272 0.680106816 0.869050219 0.137169026 0.21276163 0.38918962 0.188429421
0.484130622 0.654328939 0.185370679 0.227510161 0.372169946 0.963007974 0.440836897 0.868464263 0.067180474 0.84242531 0.509418474 0.503186473
0.473901676 0.804440636 0.101978528 0.007914033 0.041483229 0.765226714 0.927785629 0.778994139 0.59447477 0.951995036 0.731758526 0.527769768
0.29268335 0.041275287 0.321316479 0.954325759 0.749349754 0.455013856 0.344531031 0.366576458 0.211935162 0.257041767 0.949978389 0.851251152
0.867587457 0.644987024 0.096119158 0.133797463 0.832844472 0.038609553 0.465204058 0.529589713 0.971746188 0.392064782 0.034846104 0.147795593
0.137966935 0.445333282 0.492839062 0.479347851 0.663285157 0.835946218 0.566443764 0.779558379 0.21339155 0.570203973 0.197628095 0.189969683
0.546527572 0.887714009 0.017698084 0.57406083 0.419231257 0.349900291 0.934346482 0.143113406 0.314345474 0.628620733 0.94887768 0.564104431
0.859349064 0.126564955 0.6913742 0.404663532 0.110550262 0.542987606 0.546601657 0.347082603 0.257675704 0.779955376 0.81578135 0.580365327
0.820864216 0.561250896 0.145037224 0.942522862 0.415473358 0.341772067 0.174713659 0.433158876 0.25647123 0.763474887 0.783022226 0.574098448
0.817479807 0.41540078 0.457062342 0.81908783 0.235170765 0.182885871 0.208511675 0.704291556 0.409082606 0.339784128 0.611956341 0.282010281
0.110197025 0.19599553 0.144851218 0.965561054 0.540889872 0.757135259 0.006184488 0.634649324 0.055632418 0.158535411 0.596755202 0.470326257
0.960177729 0.083527504 0.654939184 0.49440406 0.475210329 0.258525797 0.66458939 0.474806972 0.034422304 0.683874029 0.906785635 0.885735695
0.69660924 0.617995008 0.758034189 0.221980723 0.539956657 0.944599299 0.354913448 0.340760465 0.645550993 0.663233163 0.959269205 0.664540544
0.610513386 0.41710587 0.04905953 0.724196602 0.419013686 0.300280877 0.296824698 0.500061651 0.614216421 0.858824067 0.221847297 0.913635488
0.453629116 0.199569208 0.500636587 0.175179972 0.354359404 0.702057051 0.057949332 0.550615687 0.227381202 0.095340156 0.475509959 0.063772092
0.716239207 0.304345655 0.974928398 0.422286341 0.985440046 0.18640487 0.909018921 0.579499887 0.389420853 0.188572277 0.226532392 0.338901969
0.001743179 0.150805078 0.885251509 0.573752008 0.166191778 0.810170065 0.722781882 0.563063942 0.890468946 0.86559448 0.097582024 0.38777141
0.206749093 0.526469432 0.154113328 0.294386265 0.050790348 0.131432863 0.301692346 0.357172302 0.230509621 0.587745403 0.119453381 0.938768137
0.786240627 0.161966669 0.174117534 0.841767782 0.442536315 0.13093449 0.735992602 0.836325528 0.893789726 0.487308679 0.878721884 0.108526367
0.807269379 0.552359983 0.578532106 0.90674764 0.661157608 0.472845698 0.383899062 0.324074904 0.673319328 0.926942497 0.067200104 0.515473579
0.376813779 0.34445793 0.160013069 0.220631435 0.959517904 0.634759906 0.403958978 0.240102024 0.812226422 0.248506621 0.261117039 0.607027647
0.148208735 0.952890891 0.398881497 0.246421461 0.697431103 0.724665688 0.022915347 0.563911574 0.352065151 0.213929696 0.398808902 0.911597125
0.492924706 0.178133123 0.347037444 0.885158669 0.154546494 0.326771443 0.852827583 0.270993715 0.579609904 0.115251302 0.01215667 0.957283408
0.245049357 0.962016086 0.058870552 0.625348809 0.787584081 0.937176141 0.663776603 0.799095872 0.680625715 0.748763759 0.456376533 0.579236267
0.383948518 0.537206267 0.473790168 0.875220314 0.98319695 0.818210099 0.148418048 0.72081897 0.163217963 0.150648901 0.270429388 0.253283405
0.717433099 0.546554076 0.125440674 0.750533247 0.372735171 0.686248623 0.738478181 0.818379562 0.164635361 0.598274726 0.62298604 0.288336278
0.019615435 0.381936745 0.207050017 0.106696214 0.663974486 0.133058751 0.209315771 0.42062435 0.208219653 0.377960698 0.731487216 0.298527577
0.850998092 0.337446255 0.245657187 0.2408963 0.168925359 0.692669205 0.104224749 0.601994789 0.322679481 0.759136959 0.094525328 0.923370694
0.235611559 0.637607471 0.946450952 0.187398573 0.869943777 0.144673666 0.501051071 0.592028714 0.435003187 0.643329561 0.227435802 0.063026308
0.946106651 0.765626781 0.851618708 0.57175691 0.240566645 0.462459993 0.582139828 0.063177197 0.43468664 0.272835741 0.441936244 0.518331504
0.884400366 0.59342295 0.87766225 0.552574416 0.202773544 0.32554514 0.737027012 0.389534783 0.458266572 0.35475897 0.117589805 0.165663104
0.046058647 0.864370946 0.944329877 0.575164928 0.247177213 0.284350528 0.274338281 0.752584038 0.2586192 0.517952915 0.537822312 0.510114319
0.15790474 0.828734866 0.993208362 0.742018886 0.692912061 0.41329033 0.441227078 0.189019023 0.649753506 0.219906225 0.441922753 0.706671376
0.247866465 0.000854963 0.099953221 0.32794445 0.27121986 0.062763093 0.805911842 0.462845633 0.417711615 0.694577905 0.536799765 0.01459739
0.717170863 0.477323424 0.430397872 0.486235547 0.183208358 0.662668682 0.131408634 0.519141163 0.574068672 0.576395658 0.91508688 0.079518222
0.250486194 0.016998955 0.699509654 0.604222247 0.38378299 0.574747987 0.163368878 0.090142702 0.889739368 0.528249339 0.584531651 0.928833904
0.691702564 0.659355746 0.232799499 0.231278637 0.587401031 0.913835183 0.040471479 0.889955182 0.924005132 0.553632427 0.071587184 0.663683546
0.895601034 0.889407092 0.201087344 0.765317807 0.434367573 0.208806768 0.428684738 0.225476124 0.160880117 0.146447862 0.504228181 0.095892054
0.23186083 0.282905224 0.578704012 0.612447335 0.067701257 0.239509779 0.906104525 0.898480033 0.128917149 0.235877684 0.730723178 0.874573769
0.503081389 0.244640344 0.152868151 0.296805348 0.838180216 0.078522341 0.983812636 0.381130274 0.976620842 0.426374979 0.654251849 0.29745438
0.868034491 0.500129708 0.465218888 0.582710779 0.935202542 0.164026088 0.491897182 0.089673459 0.320094252 0.893175333 0.148814551 0.87798133
0.435578757 0.18653018 0.612974985 0.870184917 0.560240041 0.894297568 0.09676262 0.026217398 0.424079817 0.650570626 0.756444628 0.922906949
0.965747996 0.185359357 0.240017431 0.009685995 0.237371537 0.534868088 0.039162292 0.716241847 0.130280388 0.489090281 0.612932936 0.400054673
0.540458829 0.87296758 0.112569583 0.234424637 0.69455589 0.075447696 0.895370583 0.13103987 0.25783145 0.123938459 0.73013127 0.411676362
0.374978736 0.952478185 0.060269856 0.410231344 0.328545998 0.953076241 0.973718995 0.379776075 0.183668926 0.111511032 0.683268383 0.494856888
0.107647027 0.211110489 0.549802404 0.044637612 0.704301172 0.359044076 0.427202355 0.770945643 0.925431823 0.930053772 0.03306547 0.689416685
0.801231132 0.962564126 0.490602834 0.096834395 0.401354585 0.796160183 0.71591704 0.735017579 0.019767236 0.408906799 0.013231447 0.157854469
0.735077423 0.43576517 0.169077921 0.272328604 0.359538966 0.338257117 0.059844645 0.132725196 0.331047127 0.760278301 0.048779998 0.481543532
0.604922862 0.768105826 0.422382834 0.542217874 0.719761639 0.91280191 0.946025018 0.73248877 0.274270902 0.898703372 0.711032115 0.595408846
0.183289152 0.230625087 0.496550672 0.868612052 0.945903615 0.117113123 0.031043743 0.351986251 0.62900188 0.94435247 0.444150472 0.645345857
0.346671504 0.989154665 0.0756353 0.809594708 0.27682783 0.209312317 0.395364742 0.075361632 0.335133302 0.183570894 0.351210982 0.484651932
0.378814004 0.448278932 0.17887672 0.315500027 0.2128594 0.124762703 0.002288478 0.026841114 0.95667594 0.939841377 0.825005889 0.112370533
0.216654838 0.11488631 0.916227624 0.10156581 0.166083769 0.599211369 0.90209338 0.245796451 0.743650715 0.47305126 0.274209388 0.263840192
0.176274103 0.570684288 0.211431197 0.63310638 0.303316471 0.929814571 0.030661535 0.014378266 0.192012029 0.565895067 0.586906288 0.023273487
0.539998899 0.505391243 0.801992546 0.427660189 0.819216325 0.143023915 0.690896038 0.071199145 0.714857839 0.300521041 0.862668508 0.326956074
0.624768183 0.844880728 0.079401771 0.420329295 0.901264366 0.865973301 0.528879423 0.469131791 0.324301852 0.251457334 0.914020622 0.878644298
0.413605048 0.455399006 0.374935414 0.387780525 0.173178564 0.281350472 0.33981532 0.69669718 0.462400315 0.601277531 0.115425639 0.66998463
0.453810323 0.234724217 0.414125475 0.978895647 0.022762955 0.811692513 0.901899913 0.53013013 0.266614894 0.598446029 0.717094393 0.767653147
0.549537491 0.235481831 0.398632663 0.35319595 0.844805455 0.455536608 0.936743851 0.618364611 0.102173167 0.440350049 0.722502611 0.980315445
0.697434004 0.156358276 0.450415089 0.471958722 0.47790252 0.476740544 0.497562341 0.207185087 0.51638453 0.640431127 0.780665355 0.022471134
0.912768022 0.126951218 0.953182042 0.145378771 0.559472223 0.512103818 0.196832875 0.5069919 0.839883475 0.393557637 0.218127435 0.314373509
0.23659656 0.694465286 0.807649046 0.7461277 0.823957998 0.314073498 0.063075372 0.275558023 0.217438609 0.298241734 0.76248431 0.073937046
0.733174976 0.58592538 0.27483645 0.441843441 0.653672186 0.72535398 0.827788656 0.941129749 0.97097846 0.037848816 0.736725869 0.459138336
0.489870815 0.473081545 0.94679251 0.980016652 0.632661701 0.267317073 0.609956689 0.991535028 0.525138864 0.528928359 0.937090866 0.936554263
0.249665539 0.166797448 0.847391906 0.4497786 0.07867959 0.042443228 0.518206975 0.395569644 0.547438574 0.163271794 0.192155649 0.225033897
0.389193881 0.722309936 0.56217141 0.523586658 0.705613106 0.560609055 0.940504326 0.676712242 0.036814942 0.123664338 0.503774233 0.349131737
0.197504318 0.263075497 0.760403581 0.744494731 0.115918381 0.400418047 0.570833629 0.348845759 0.787162725 0.074028123 0.020598844 0.419898047
0.030798211 0.581210579 0.161421101 0.256178095 0.778609419 0.434275732 0.521165741 0.099278248 0.524533369 0.504784616 0.248737392 0.974538182
0.537052211 0.345391048 0.271869714 0.088949222 0.622590149 0.815282468 0.392813309 0.109264347 0.18289562 0.088051267 0.651194577 0.019969544
0.604036993 0.381469876 0.64940994 0.522582027 0.293799737 0.389889748 0.103891553 0.898749772 0.005668505 0.937226032 0.068052701 0.86328832
0.201869137 0.193589111 0.854732576 0.758072044 0.223985994 0.894760363 0.614482049 0.536648014 0.982899139 0.80886733 0.400461995 0.230064345
0.911941312 0.970597659 0.664139736 0.47356901 0.548907594 0.334199448 0.189493159 0.715081781 0.197285102 0.639829325 0.100646576 0.62984178
0.500763132 0.006665491 0.618312918 0.062164155 0.58707841 0.125751211 0.582828091 0.113825572 0.150519762 0.964435589 0.655475286 0.576935737
0.790461584 0.521268794 0.693990588 0.677635287 0.785003539 0.217264046 0.898210562 0.598772205 0.016868277 0.584252257 0.44977662 0.678483099
0.81270747 0.988716363 0.168725264 0.48714264 0.867748585 0.614818566 0.674991641 0.441600701 0.827282016 0.640066918 0.632221712 0.070809227
0.639398909 0.327319786 0.519269031 0.565448606 0.350217638 0.289778207 0.685000203 0.918515693 0.350412514 0.322189951 0.062490514 0.941816815
0.163284942 0.728707632 0.390415426 0.595861483 0.20362637 0.075487485 0.97050464 0.792162611 0.006910944 0.341966461 0.799930883 0.213573753
0.437913722 0.42372391 0.42597957 0.519303017 0.7184138 0.623253 0.40484956 0.753915537 0.977090112 0.140988854 0.20323408 0.722625276
0.660562875 0.667069157 0.251333705 0.693425955 0.474146849 0.420163627 0.846048727 0.898126175 0.530480128 0.440579758 0.815790258 0.483513586
0.622461728 0.821065011 0.385307834 0.760283186 0.111969877 0.811620819 0.489676943 0.949458326 0.58575522 0.14225737 0.826153102 0.864707379
0.034906916 0.116492046 0.069151483 0.976088365 0.400720638 0.384063771 0.140721553 0.455681209 0.537442066 0.340180614 0.141656726 0.21014366
0.733053654 0.450659159 0.647720117 0.912941101 0.661779451 0.188979728 0.960685337 0.70313602 0.242569666 0.15101968 0.37338666 0.218622922
0.761180168 0.217923065 0.577838286 0.867388419 0.897636508 0.837534281 0.967816342 0.256126467 0.835009531 0.821901049 0.70920949 0.466032626
0.758669689 0.885522295 0.438358252 0.258498425 0.800482157 0.245604899 0.003105472 0.410565487 0.84651479 0.427751188 0.837202529 0.705896323
0.218980182 0.023631795 0.789519476 0.390932774 0.080297695 0.401826815 0.220018124 0.718000813 0.143205487 0.854729649 0.771182508 0.993978303
0.403513538 0.515249235 0.933694987 0.592419761 0.664192849 0.629385633 0.717652994 0.179718311 0.404114546 0.749577903 0.741907845 0.448227323
0.93792881 0.706105981 0.091379524 0.355254016 0.636631433 0.887593832 0.141804869 0.469732821 0.37831677 0.916567788 0.365060279 0.603598663
0.62864088 0.956684863 0.520972548 0.272565957 0.985567048 0.116543748 0.480728292 0.93644286 0.119985593 0.209130047 0.479909075 0.883188441
0.768723468 0.999602708 0.688203007 0.491735561 0.995091374 0.526671291 0.352149095 0.003484317 0.169965997 0.28697785 0.2159306 0.006023153
0.524436995 0.82538405 0.396579 0.549170609 0.12936466 0.549144418 0.906835074 0.092961104 0.086154481 0.151844642 0.265353773 0.464216706
0.355038706 0.166850488 0.465191194 0.734866831 0.066573969 0.101093303 0.150990121 0.098467125 0.579708702 0.307960354 0.423960777 0.820504014
0.95143857 0.368704104 0.271574782 0.522280264 0.385199917 0.470228923 0.530884151 0.931535371 0.218726236 0.646248005 0.666204753 0.197099865
0.452269855 0.662742449 0.10407705 0.823299463 0.546968264 0.239562215 0.253783154 0.697199089 0.823346616 0.098963281 0.791812839 0.648572317
0.015686101 0.171026266 0.299019343 0.991110538 0.47174512 0.152508728 0.862136725 0.306693111 0.798221659 0.976713535 0.271053991 0.275356108
0.829941806 0.281265984 0.079496583 0.877910224 0.589039265 0.554796981 0.627979393 0.263155495 0.3636778 0.894149254 0.241774847 0.831361008
0.075853071 0.887985227 0.207925856 0.699415022 0.860314113 0.699783075 0.145242916 0.174253855 0.976586446 0.335932774 0.513845536 0.393018529
0.437506464 0.745017974 0.575527466 0.873420002 0.407118572 0.596102351 0.138481745 0.897190299 0.94984997 0.514014685 0.065171338 0.313079856
0.605942785 0.540368604 0.247237342 0.302527861 0.243872627 0.880111189 0.108206367 0.797344633 0.622199657 0.071096014 0.161867908 0.452508261
0.159482647 0.321640415 0.457921226 0.287378879 0.299890842 0.867754802 0.795019497 0.089722697 0.003306225 0.337283997 0.69066924 0.185007829
0.665877241 0.054455048 0.294535165 0.173451972 0.975867915 0.758081286 0.816752698 0.489526654 0.791039482 0.807965395 0.368693538 0.621289259
0.914209977 0.389148199 0.391161513 0.259672856 0.963332261 0.422135815 0.285868348 0.417108058 0.468230714 0.040641785 0.543576308 0.636623101
0.203459632 0.223049318 0.594506607 0.313368269 0.327066606 0.162511448 0.029011491 0.397723329 0.098693375 0.948829231 0.516783209 0.513652866
0.086473478 0.657909136 0.272685975 0.706686866 0.647450415 0.266882129 0.575332447 0.757481188 0.475842949 0.023783253 0.355530309 0.000397736
0.225199157 0.897494402 0.062495814 0.447164652 0.215220669 0.763116164 0.515115147 0.649548324 0.369163003 0.35645475 0.735373047 0.667205634
0.080679947 0.515371522 0.058443905 0.862304012 0.339825181 0.73338442 0.923998299 0.718812682 0.663026606 0.463049588 0.635029027 0.478602134
0.420432214 0.452739255 0.697455422 0.332451341 0.989009697 0.139586443 4.15701E-05 0.970027843 0.140643026 0.894990262 0.769237421 0.512697753
0.43305101 0.563119243 0.777119363 0.37946316 0.43517935 0.462685521 0.905778751 0.367534466 0.737937383 0.429723613 0.726586375 0.955334868
0.066758581 0.537254951 0.353322232 0.806250769 0.703396446 0.123398162 0.424893978 0.740474041 0.446447444 0.918953926 0.638759332 0.93933738
0.925438128 0.18609805 0.996291021 0.295823534 0.663947201 0.077879827 0.966113114 0.360607255 0.836031732 0.017715399 0.271314975 0.141276661
0.129604495 0.630907542 0.801270513 0.193499008 0.480422195 0.373011946 0.176635608 0.586486688 0.131766749 0.576633273 0.941013309 0.065871673
0.272843045 0.944885084 0.43376771 0.960306363 0.512566741 0.107651471 0.879507634 0.623949772 0.759019116 0.667129338 0.868378523 0.284600426
0.433967918 0.420576677 0.383818436 0.463575321 0.514931474 0.697359818 0.745494364 0.109530283 0.571715216 0.686201692 0.326310597 0.345714613
0.654724717 0.274652082 0.333920167 0.914813726 0.064308877 0.48166906 0.063586894 0.081086683 0.85698358 0.374356043 0.913462432 0.317162609
0.059145128 0.068515632 0.568404789 0.866356987 0.69539415 0.296993577 0.502334211 0.503322629 0.478079943 0.008715626 0.014051491 0.363521334
0.722826645 0.774794311 0.893000727 0.609165174 0.915889226 0.070911922 0.452832707 0.370571028 0.523206467 0.187472958 0.78599946 0.712256447
0.05483281 0.289943028 0.921404418 0.629244175 0.066336285 0.397616076 0.75278904 0.226066569 0.838949447 0.199159728 0.208356282 0.791390412
0.169550971 0.854632559 0.553086736 0.037701528 0.557856302 0.003703872 0.830456414 0.94658036 0.166085704 0.805974715 0.600222454 0.520541475
0.251024735 0.051711293 0.450430482 0.348486934 0.134022686 0.888009161 0.318734232 0.144957219 0.757217426 0.679917211 0.013721644 0.086134828
0.734292072 0.373436447 0.81823831 0.713324619 0.198703858 0.329546944 0.835611691 0.084077983 0.727533743 0.029393166 0.530237175 0.713433363
0.487736572 0.372919891 0.787605396 0.603465183 0.027448404 0.256978628 0.917256439 0.414906934 0.950878331 0.40523218 0.033133855 0.410755245
0.405101432 0.187214983 0.852146476 0.003936596 0.990590676 0.226879527 0.759655048 0.331280992 0.860257291 0.210769091 0.330243895 0.284644817
0.804457012 0.591750195 0.998554859 0.238038103 0.280888213 0.95986357 0.063811383 0.498848642 0.162985741 0.069700521 0.511480873 0.066705314
0.27956117 0.06699274 0.673159026 0.988145062 0.11684478 0.017012959 0.464056452 0.921456853 0.603982581 0.00764521 0.81734427 0.774371563
0.799114514 0.616201731 0.139555696 0.669421038 0.65784098 0.776928015 0.064308143 0.302349661 0.146971516 0.119980066 0.173120632 0.193408884
0.978438977 0.617200616 0.813780887 0.609755755 0.769701833 0.059887968 0.011417577 0.950767374 0.075686098 0.154793518 0.997075879 0.406927989
0.939015668 0.364799357 0.232501018 0.917363722 0.011821736 0.449550742 0.642994308 0.973004647 0.258255415 0.195469921 0.165556451 0.305561957
0.382997938 0.561258478 0.610409684 0.018273148 0.15066925 0.818419324 0.663382555 0.569023603 0.694322705 0.482203478 0.580575688 0.969284155
0.164656877 0.090133212 0.234906572 0.56959935 0.558079064 0.114506985 0.817502575 0.952549212 0.276134658 0.786292049 0.819837665 0.20682641
0.239637892 0.932654563 0.599177686 0.169459855 0.494789492 0.396553392 0.075858563 0.14158205 0.582188263 0.358866119 0.714066116 0.378806439
0.168583453 0.371566298 0.928517748 0.17189008 0.657022725 0.729957544 0.790094667 0.234313784 0.082969637 0.826381916 0.439100576 0.120101751
0.085181184 0.343776336 0.116143677 0.095679358 0.571705366 0.94006426 0.976744481 0.510691228 0.988917402 0.928611571 0.443629473 0.829161558
0.420813009 0.980242515 0.073594409 0.261394665 0.735299192 0.338617582 0.814524689 0.24990575 0.921923429 0.575420556 0.818887237 0.340960529
0.248345593 0.096565014 0.362751069 0.75624396 0.914944004 0.545590719 0.278731023 0.320790185 0.168367719 0.059987142 0.018957237 0.268400015
0.72120379 0.467574521 0.338374736 0.338393204 0.405649861 0.59310736 0.985081766 0.263443641 0.183597264 0.135941425 0.200709647 0.621472592
0.346048991 0.344291551 0.945281519 0.710194321 0.720135052 0.56383819 0.021035135 0.124365199 0.978355329 0.758271897 0.328659901 0.233301266
0.375201948 0.137366522 0.014450315 0.912340874 0.827270983 0.956885962 0.463311934 0.41447302 0.713812089 0.044015992 0.610849885 0.856413756
0.365767342 0.224076252 0.419228246 0.172318079 0.897614849 0.625624211 0.279249489 0.483747965 0.624142134 0.201874255 0.727676108 0.837275961
0.844403664 0.680945032 0.819529785 0.182552209 0.779156931 0.926052944 0.003975956 0.277453656 0.957903177 0.915878689 0.318676782 0.596136321
0.503418022 0.331184301 0.845190453 0.809910481 0.904449267 0.668065697 0.257705926 0.692971817 0.449424812 0.060287578 0.167820821 0.804755277
0.568055367 0.433236722 0.086204129 0.83714675 0.875620675 0.420607486 0.432759947 0.690101587 0.605070677 0.772064375 0.066738165 0.555800569
0.025050843 0.693896836 0.329623424 0.373938545 0.296520313 0.823838002 0.187826718 0.48050105 0.343793974 0.250596755 0.456334399 0.021398776
0.201524553 0.051270325 0.019252627 0.093017056 0.050179634 0.118886231 0.145153086 0.779328193 0.110676701 0.816678846 0.02746514 0.625461763
0.416711141 0.870822103 0.351087095 0.052121035 0.135705322 0.556981175 0.110603304 0.391530019 0.751892774 0.236758644 0.736535965 0.681007263
0.461176224 0.506521381 0.73380158 0.278103401 0.925569415 0.437548622 0.499754154 0.264868891 0.142985599 0.201659069 0.334188595 0.703234371
0.862608051 0.298837692 0.047104877 0.697154458 0.586661878 0.716043711 0.502829448 0.918551189 0.118882752 0.585161372 0.474500283 0.925398731
0.300493064 0.164194347 0.856458315 0.241306711 0.96001286 0.554155989 0.947245737 0.670371761 0.317769148 0.127769442 0.533998784 0.070164539
0.291204557 0.800851598 0.852955347 0.097496388 0.134208228 0.309036907 0.720914934 0.127547787 0.586585036 0.870685251 0.004397624 0.445960703
0.356847596 0.108022182 0.710535416 0.54581457 0.870686545 0.141609953 0.496079204 0.417920541 0.890342721 0.884892296 0.169823074 0.236073478
0.799651982 0.723827834 0.712107594 0.616984828 0.650303117 0.839084296 0.513759398 0.940169969 0.395785698 0.32173226 0.973905932 0.439752534
0.69984547 0.808360408 0.589080249 0.487230319 0.009152812 0.943403592 0.924752402 0.26779859 0.599002908 0.779625886 0.45832546 0.357092885
0.131057591 0.031219141 0.286882026 0.015817083 0.835147957 0.296972024 0.395281876 0.454449386 0.829579701 0.99789236 0.406602137 0.805381093
0.511278575 0.389967755 0.000597834 0.030982212 0.588788356 0.360494945 0.192748722 0.50289615 0.027603623 0.523945433 0.668903979 0.940637267
0.811720953 0.612425108 0.782916241 0.377673632 0.062027439 0.338178402 0.866572943 0.455722466 0.201439693 0.331190995 0.141176185 0.150990979
0.173078819 0.078552501 0.296598109 0.058598263 0.201857525 0.79574031 0.809207393 0.770844563 0.208834399 0.443851594 0.97750597 0.851837356
0.041338435 0.255753916 0.776075206 0.301906667 0.167794024 0.061662114 0.986666539 0.382058963 0.184370758 0.721541991 0.736590149 0.314152046
0.852470414 0.308317418 0.022524931 0.080974877 0.988728311 0.440549156 0.008193852 0.066854081 0.878307558 0.240135217 0.533381758 0.685699355
0.495399672 0.767363049 0.281724355 0.052618474 0.762054564 0.907201581 0.594027242 0.528020657 0.078954554 0.30717444 0.434812935 0.128639198
0.535443044 0.615585539 0.615296177 0.846127069 0.687080127 0.051119329 0.405473683 0.433241346 0.078743482 0.633076886 0.607273849 0.1409272
0.917511355 0.533698563 0.825989397 0.157846652 0.396574732 0.33200052 0.089649307 0.383690017 0.290509664 0.491963915 0.64919496 0.5005427
0.459404475 0.921829396 0.64607912 0.79319838 0.668648236 0.38784867 0.975795609 0.576410942 0.19197284 0.245162346 0.27405044 0.845860966
0.156430185 0.423038154 0.941433113 0.55049731 0.026489097 0.604853583 0.506468362 0.404710862 0.368732565 0.274904181 0.512863571 0.532492026
0.172781814 0.226786671 0.594608067 0.918630549 0.509828733 0.513577616 0.355260898 0.855887939 0.684470705 0.490209642 0.570363393 0.41945471
0.294385806 0.497350887 0.263266761 0.235439418 0.208634755 0.777639377 0.110269281 0.460760825 0.296156271 0.415911115 0.114984253 0.853836113
0.148294138 0.735656711 0.545141168 0.702413097 0.868072542 0.017771755 0.843724414 0.425874833 0.712985282 0.850693721 0.458670023 0.54143729
0.985393263 0.129607952 0.470983124 0.998718766 0.017475709 0.161419804 0.306254719 0.539621662 0.609710453 0.654467373 0.951203521 0.492663804
0.132559523 0.315718917 0.813095742 0.576919783 0.822095638 0.60207019 0.609076778 0.217829398 0.719386601 0.909138181 0.788237268 0.808450894
0.728330547 0.050695681 0.439721605 0.657237244 0.764630044 0.835915209 0.639954282 0.822144904 0.659133729 0.691937762 0.001740609 0.15113274
0.661031165 0.909463556 0.328698878 0.600191292 0.832933416 0.452735487 0.213134399 0.095011781 0.489271238 0.711110883 0.311437809 0.489734944
0.720379517 0.69765275 0.258248726 0.30212966 0.826014531 0.539431742 0.095953681 0.024084829 0.312561494 0.634704184 0.574498466 0.682505468
0.569444901 0.814603073 0.272915651 0.75681122 0.749911457 0.615052718 0.009743314 0.425445646 0.732253608 0.00903391 0.575129198 0.07204144
0.982885893 0.001238125 0.72406592 0.872760852 0.464798654 0.105741922 0.453282567 0.655195014 0.231051675 0.704661705 0.203191082 0.064709874
0.808938368 0.851790941 0.762925903 0.279705364 0.034252236 0.833562496 0.386309246 0.087281073 0.489941301 0.014379665 0.990794178 0.76899116
0.675497434 0.641770005 0.387115623 0.787593129 0.300345647 0.70358527 0.369364811 0.227390363 0.570766094 0.09590973 0.137884564 0.412601983
0.523258347 0.567749977 0.37809012 0.279529967 0.969209852 0.164932237 0.31342596 0.055811693 0.11966512 0.759780627 0.771223121 0.604341361
0.52638521 0.772755334 0.489714156 0.582174065 0.822856434 0.509157415 0.155887368 0.03306874 0.254096112 0.388303538 0.680618199 0.885135802
0.069046776 0.468868779 0.070487795 0.35246393 0.892206905 0.563091562 0.097720449 0.414567003 0.874336232 0.922144153 0.090626771 0.228376852
0.6622894 0.077383679 0.965277629 0.082384232 0.164109129 0.894599937 0.686707024 0.805573662 0.517431298 0.754887102 0.336584632 0.462071524
0.991779615 0.930163855 0.069995242 0.304313827 0.246525747 0.325374462 0.887453264 0.827798206 0.434028437 0.89874293 0.871053833 0.999144884
0.445722145 0.262755931 0.331243986 0.361307648 0.484349488 0.288681253 0.869499004 0.685852244 0.203851227 0.58232447 0.129808899 0.172228115
0.445041145 0.416697986 0.275472704 0.087496786 0.754852468 0.976419145 0.170204393 0.963304093 0.698651442 0.323755788 0.53159594 0.273392952
0.870773787 0.360308406 0.678774254 0.433973362 0.641199171 0.813656255 0.174944082 0.682579084 0.4595171 0.190005713 0.047453298 0.303255483
0.226913977 0.321534311 0.842005887 0.653613656 0.116848812 0.227117137 0.909460182 0.218224787 0.73417998 0.860070192 0.115907082 0.622104296
0.894328183 0.554921371 0.846793433 0.118596063 0.378616223 0.666562417 0.946842623 0.129905578 0.031898792 0.900805566 0.067887077 0.681895429
0.621834257 0.263494941 0.138099877 0.87330845 0.393078469 0.732917686 0.64301268 0.321002835 0.701885805 0.592450749 0.904634477 0.668096382
0.123513124 0.852671083 0.166087352 0.601151165 0.47688729 0.070311794 0.966493671 0.276704105 0.511577971 0.933780636 0.796130183 0.476768688
0.11581558 0.03349835 0.39420903 0.186102384 0.695529031 0.395503464 0.071325641 0.580725982 0.252375463 0.575390804 0.684847348 0.996556384
0.730125699 0.101952091 0.266405179 0.146294059 0.245184389 0.827866435 0.674608393 0.697405045 0.570894152 0.671447694 0.64832497 0.181249292
0.586642092 0.280864568 0.601233559 0.929407763 0.425439425 0.740016614 0.830332125 0.904933873 0.94798946 0.477545508 0.432431069 0.551828562
0.597961881 0.992547912 0.664371636 0.330317541 0.601562024 0.034921563 0.467166815 0.370590645 0.768495785 0.492327913 0.739922699 0.772508053
0.87708062 0.19141684 0.478413746 0.80996071 0.603174767 0.144255561 0.729773509 0.53692311 0.521658518 0.164395545 0.352799459 0.88053366
0.445916329 0.269666242 0.375719537 0.902980203 0.221398238 0.442573445 0.934147299 0.19416726 0.29760316 0.042914179 0.477091662 0.999250277
0.469355342 0.696717099 0.456559792 0.248622784 0.756971639 0.766066954 0.295415161 0.01220634 0.241381422 0.288575008 0.954489284 0.079024905
0.038890158 0.536949874 0.897347512 0.579137921 0.612505498 0.081438871 0.979163445 0.604051442 0.758359317 0.916131959 0.442438198 0.980831006
0.342200225 0.549160529 0.778882206 0.946333725 0.350618984 0.417292852 0.238951032 0.271068978 0.008606072 0.386504347 0.1701153 0.841806316
0.045488343 0.003984305 0.774148557 0.666757152 0.3510246 0.778942415 0.063488933 0.581896962 0.139272753 0.777861039 0.037005807 0.215442132
0.999167236 0.48113617 0.9018674 0.326726078 0.642696693 0.461987748 0.656246271 0.519190979 0.877030733 0.777471288 0.09054765 0.521292696
0.763546033 0.792054314 0.009802963 0.721459894 0.827437714 0.998848062 0.211944563 0.211831334 0.839402376 0.802041214 0.897061757 0.689468195
0.893921715 0.290981302 0.4258899 0.767306481 0.900837476 0.846462067 0.255535868 0.991187002 0.839836419 0.465535677 0.155834474 0.607170592
0.521338473 0.359661066 0.137289106 0.459210294 0.034745101 0.676370123 0.476264163 0.178683484 0.971534668 0.972131903 0.386852164 0.725414826
0.142745648 0.696827824 0.014211624 0.264712621 0.102649142 0.907650581 0.802614147 0.924680091 0.078041243 0.789344646 0.4272321 0.655112929
0.55192982 0.104935222 0.61347467 0.464899215 0.569602094 0.466626687 0.146974657 0.814417126 0.954986479 0.338012745 0.172224868 0.495080346
0.397491562 0.1750543 0.957138757 0.548036439 0.802374558 0.750764085 0.53119875 0.676867252 0.909594332 0.460738216 0.009053609 0.980905976
0.51715627 0.277071412 0.645890175 0.248582926 0.400211453 0.136846324 0.418114807 0.034573688 0.127926998 0.424843386 0.398440376 0.341465302
0.952528524 0.306217917 0.108468003 0.993626277 0.863773991 0.191376232 0.186642267 0.185886262 0.200865983 0.380401908 0.108769429 0.101519208
0.763998924 0.02396833 0.66773409 0.812590031 0.800355862 0.045164834 0.958487779 0.435089745 0.701415657 0.085113375 0.658056829 0.483777442
0.457912226 0.584368804 0.385551025 0.864897375 0.008652737 0.372680244 0.489139047 0.903288842 0.48674503 0.72135448 0.721367509 0.414630835
0.808830092 0.59594913 0.765279659 0.642984027 0.511387463 0.575003799 0.844971912 0.013574796 0.994764824 0.459242518 0.510179012 0.988065253
0.094229725 0.688437769 0.022893944 0.870028645 0.680710834 0.131936989 0.607300282 0.861846329 0.921773065 0.191226554 0.024293417 0.744137331
0.455888596 0.9502289 0.924072838 0.666977538 0.428135294 0.293392946 0.562736744 0.338562106 0.183623129 0.16898943 0.74889272 0.659396309
0.417646188 0.030655614 0.391599369 0.949853447 0.765481299 0.762912996 0.301213416 0.717641449 0.899901794 0.189082693 0.307709239 0.746580496
0.240137536 0.718331932 0.952083184 0.792759214 0.158906312 0.320807953 0.091812714 0.685657531 0.912303629 0.011881695 0.562346867 0.315111117
0.174589356 0.017518386 0.319574513 0.325742746 0.61032638 0.131822896 0.62145138 0.460070811 0.419089494 0.656736458 0.118134558 0.061796342
0.584459691 0.9437152 0.663389599 0.305815778 0.225434666 0.546420476 0.264882536 0.921687569 0.588225901 0.929509515 0.644742786 0.025861934
0.066560235 0.716621983 0.209186079 0.417032207 0.093472885 0.555864819 0.154921115 0.76361482 0.932079793 0.429183205 0.228744429 0.579284236
0.550510674 0.026452387 0.956355395 0.718452024 0.605276874 0.95702421 0.852437384 0.19282598 0.364780697 0.685387474 0.794632031 0.391251635
0.720361649 0.702422942 0.107500501 0.297847853 0.065988694 0.4914261 0.408697117 0.288993466 0.505232526 0.439717527 0.937593508 0.716274159
0.188579669 0.977091857 0.287722155 0.002391372 0.899095687 0.732221674 0.535412672 0.841289748 0.479338728 0.950483993 0.217787329 0.612156553
0.85668528 0.852335932 0.989278399 0.241369444 0.753278096 0.209495087 0.552443038 0.92061225 0.490114133 0.75031919 0.497755671 0.030712347
0.22963929 0.259175507 0.701609441 0.70451114 0.686915691 0.36532163 0.745365047 0.538502479 0.688450638 0.481855985 0.202280214 0.488327932
0.850862866 0.474982243 0.128296849 0.686870996 0.428109017 0.115714828 0.803351412 0.878023332 0.347480854 0.784923097 0.16512734 0.186901433
0.952079995 0.691786707 0.01806937 0.713951742 0.846146172 0.958499323 0.178631952 0.869698581 0.064955118 0.136234491 0.097322387 0.819771297
0.525655078 0.652061443 0.933987464 0.926447077 0.760596168 0.927035441 0.325116404 0.906344536 0.319914536 0.970665935 0.498383961 0.197007974
0.120352135 0.768785962 0.81514403 0.628625773 0.823226459 0.942461733 0.805704749 0.245139144 0.738459636 0.979215046 0.488582489 0.866579157
0.186048727 0.814862675 0.758214688 0.05274683 0.48628416 0.599515246 0.533511573 0.934258747 0.813691522 0.153696851 0.233046481 0.515465128
0.592420985 0.447956949 0.997753091 0.585263884 0.979850578 0.185637606 0.762013367 0.356551365 0.535509835 0.99036643 0.277388533 0.031378944
0.428351857 0.56153254 0.264480255 0.664927133 0.933024223 0.115546522 0.59411054 0.030601867 0.874630039 0.198025941 0.124345307 0.269599641
0.1126955 0.99506871 0.77958331 0.385593298 0.821764311 0.334178799 0.142014263 0.724949164 0.009611148 0.252191929 0.914071652 0.305960733
0.10918045 0.362508065 0.758105775 0.089912787 0.908653983 0.870439578 0.564862629 0.005926082 0.663446369 0.67585304 0.77611264 0.84455624
0.640633552 0.880023547 0.848446709 0.321917204 0.369098931 0.350462941 0.96472184 0.300278009 0.66045395 0.452509975 0.118167132 0.659838055
0.311625675 0.482751145 0.540604105 0.452550291 0.240034825 0.158401012 0.143693435 0.557694168 0.732356834 0.571687669 0.228291274 0.720885759
0.93300841 0.051230827 0.819312186 0.408464285 0.452656649 0.6713263 0.225432272 0.947896062 0.869867067 0.593475987 0.291160368 0.278540597
0.218519097 0.861477046 0.797635562 0.463645598 0.234725687 0.257622449 0.017519286 0.293600595 0.59777016 0.37072837 0.705975752 0.88416569
0.815184612 0.814353122 0.180931068 0.125234247 0.732659422 0.555280918 0.303817462 0.906610765 0.650117403 0.211966439 0.433053358 0.671259541
0.68465793 0.825517979 0.512641203 0.205349967 0.833605644 0.65748783 0.581846548 0.309565434 0.06307175 0.651309093 0.443241293 0.952623676
0.483466114 0.492847058 0.22353635 0.025546896 0.05526769 0.464237255 0.946968087 0.220648985 0.005099296 0.407978849 0.590474912 0.583076965
0.089486118 0.034653454 0.726284425 0.464533347 0.436952884 0.503986142 0.972072451 0.319422578 0.692993322 0.308538476 0.749736834 0.979192082
0.395604509 0.090526002 0.664600826 0.997862338 0.869651277 0.002552717 0.10434959 0.363071316 0.411741193 0.866504889 0.422063879 0.210839622
0.833634551 0.137041277 0.663759672 0.980962275 0.804201064 0.904065658 0.261811011 0.397697906 0.752132358 0.132666637 0.825777942 0.90662724
0.669217868 0.253409737 0.141146702 0.714646129 0.851959352 0.265053755 0.808011084 0.652313702 0.109701718 0.476180076 0.940391684 0.198474556
0.413453511 0.07837074 0.374111869 0.799473039 0.411852826 0.603687807 0.615774015 0.790883947 0.251324856 0.11320805 0.595098247 0.543392892
0.739309754 0.826231403 0.099369235 0.352212883 0.41629725 0.410958351 0.12096782 0.333920611 0.924245895 0.933829493 0.27621468 0.208751947
0.696474446 0.207136741 0.455388176 0.773882299 0.921595073 0.944768496 0.185621941 0.2131097 0.448048399 0.475671815 0.052631777 0.792174845
0.504987522 0.153815612 0.208670234 0.874470572 0.874420094 0.50547939 0.769173397 0.96732716 0.475748195 0.219130005 0.574840004 0.283329836
0.703295528 0.937960906 0.572647981 0.215214607 0.556666688 0.555002596 0.660529017 0.245368608 0.835563833 0.765333263 0.708772948 0.574488654
0.256880679 0.741409874 0.301676993 0.255461689 0.922030148 0.492746803 0.3876271 0.264773181 0.823290167 0.58786578 0.811037129 0.747415965
0.001557425 0.011005087 0.013536322 0.39881378 0.733359161 0.802298788 0.898748251 0.896253469 0.427688854 0.642659651 0.890881724 0.791888504
0.385757618 0.850506188 0.816059946 0.055766421 0.404643673 0.365073627 0.345431051 0.450820516 0.380125318 0.172885987 0.373509219 0.006025524
0.484042894 0.627424666 0.229763331 0.412362606 0.287574483 0.194495964 0.358325682 0.888924314 0.374005158 0.285103371 0.996643613 0.811798063
0.488696956 0.441299409 0.522169947 0.329253759 0.872693872 0.316529308 0.099984874 0.268308119 0.826100227 0.755663825 0.461783895 0.901504507
0.510398262 0.390230473 0.09294563 0.537352789 0.29356348 0.173302864 0.476312152 0.070112443 0.685564984 0.170935942 0.236986779 0.730540819
0.044663695 0.163179548 0.97322718 0.198354955 0.312909561 0.783491282 0.123299506 0.95591351 0.527619997 0.167147696 0.279391194 0.741410021
0.175266633 0.32222261 0.664109573 0.722650426 0.927068149 0.957787511 0.528865295 0.731795416 0.402247009 0.049943917 0.243450206 0.257630818
0.175741851 0.134633674 0.258517146 0.63288428 0.140921419 0.007451675 0.947277036 0.504358614 0.145303863 0.388955864 0.807226002 0.930467234
0.425487816 0.831235712 0.430118279 0.787947318 0.698691459 0.568484168 0.31191663 0.223120591 0.968793922 0.565212856 0.071686407 0.07269869
0.49203001 0.543075343 0.652418881 0.541562263 0.830856327 0.177197677 0.23774987 0.668168606 0.553210836 0.101774619 0.170251058 0.704407895
0.579399247 0.649105217 0.30766848 0.380729405 0.033933084 0.541935594 0.491870215 0.741498334 0.069397356 0.102909559 0.428750527 0.867538869
0.644109798 0.700841843 0.400409952 0.498291366 0.950998677 0.804503939 0.046175696 0.942306 0.925239493 0.87651166 0.986958085 0.148790646
0.403864955 0.180098471 0.135315184 0.588166396 0.271902875 0.788618981 0.707919004 0.586166409 0.113488077 0.399414794 0.499079458 0.029347795
0.208785015 0.765349269 0.220728164 0.876743144 0.741502039 0.346885722 0.693266042 0.379795288 0.760733666 0.206065644 0.092754659 0.671098553
0.384287504 0.452310731 0.119897883 0.218605324 0.573242937 0.724114175 0.485640369 0.35727216 0.07811869 0.239555327 0.036649214 0.643317733
0.68282608 0.270767742 0.063475184 0.380467436 0.226609562 0.975601137 0.311109073 0.515914779 0.071609742 0.266812346 0.061596788 0.533964419
0.924795997 0.674276368 0.064753827 0.787022092 0.908967619 0.36806255 0.116353398 0.483519362 0.654778356 0.553271759 0.855565472 0.810109657
0.663509271 0.779019342 0.724450475 0.139330952 0.147000109 0.45797187 0.124292054 0.226215659 0.250590701 0.404154122 0.614582654 0.022053966
0.551096336 0.914501888 0.776766897 0.93924747 0.797870763 0.452643162 0.994783448 0.159523578 0.619897089 0.911414273 0.81765382 0.432042458
0.491141679 0.90402932 0.299390169 0.317028019 0.946830828 0.15794694 0.318916593 0.721284095 0.398096948 0.439624008 0.685975311 0.579842566
0.341218298 0.748867356 0.293357372 0.2410906 0.882248401 0.033414544 0.909111445 0.744401915 0.191814666 0.320197358 0.6005806 0.928817571
0.790543094 0.493665523 0.739891455 0.51464074 0.556517087 0.072154921 0.727687676 0.946314811 0.237785349 0.747124698 0.759009431 0.12994996
0.027406186 0.63617967 0.536472512 0.152300774 0.075711698 0.492852898 0.814591629 0.469060361 0.135065615 0.971567655 0.227903932 0.81761214
0.304634934 0.486658617 0.553302359 0.513611052 0.793781178 0.154670694 0.502328086 0.86234088 0.571882578 0.762695435 0.56454033 0.640049965
0.540053135 0.256832279 0.542959159 0.468308951 0.937771867 0.03644295 0.390058169 0.471779901 0.424024329 0.089805396 0.853489671 0.684825587
0.513525177 0.713151966 0.286982711 0.214358836 0.869442695 0.746728158 0.159049245 0.933128781 0.835110978 0.713744218 0.140136904 0.300781278
0.309003229 0.947906586 0.050883019 0.04574936 0.078303379 0.975117849 0.411663624 0.992846542 0.191830193 0.9176566 0.024384354 0.528197149
0.157207174 0.047564505 0.565570257 0.711631564 0.409460541 0.360958318 0.297874482 0.389614137 0.280148152 0.426988221 0.669763458 0.218102469
0.501182658 0.134115202 0.729885248 0.213439825 0.543020636 0.707087329 0.708050614 0.972231152 0.39152179 0.944728361 0.066627827 0.099634511
0.915133391 0.765870688 0.145165448 0.967754073 0.907914802 0.035935119 0.93476192 0.121344152 0.369405018 0.519441495 0.268762255 0.698358354
0.300651006 0.959107452 0.878100669 0.261801405 0.871394007 0.707183907 0.217085391 0.480608876 0.807342998 0.426773617 0.85337635 0.915000498
0.331646129 0.729932088 0.373650031 0.031094057 0.764485414 0.438182959 0.341621166 0.036377614 0.461341103 0.793939635 0.86656364 0.527463078
0.477889521 0.430092398 0.351262461 0.085458561 0.327743249 0.138416945 0.68873737 0.717440425 0.53728678 0.283157217 0.435251089 0.162042024
0.326649289 0.881143724 0.211265165 0.263167183 0.582361569 0.239480364 0.511571817 0.351475779 0.34819983 0.025037551 0.028657554 0.413827799
0.393996268 0.320990337 0.083336898 0.760913795 0.542664833 0.649965604 0.568287476 0.35614818 0.32808768 0.890663685 0.12948712 0.244692651
0.269100827 0.477011342 0.765972583 0.190021369 0.775539708 0.913062259 0.784300751 0.380827173 0.078511044 0.212108809 0.582750715 0.923579521
0.697620396 0.913175375 0.357498205 0.186461685 0.305573953 0.996025609 0.276861521 0.975885614 0.267492391 0.249802033 0.261424522 0.980274128
0.479348474 0.431742543 0.529061717 0.893516923 0.235531371 0.894674304 0.725472942 0.794045076 0.827562439 0.62869159 0.031608204 0.943478548
0.471907796 0.739661275 0.216410117 0.99713761 0.59608423 0.701026067 0.165837714 0.510611069 0.821920088 0.340189967 0.774218563 0.837203172
0.718122997 0.774136272 0.344906163 0.159352341 0.991825713 0.102723059 0.397346842 0.369952802 0.188813342 0.005076906 0.641291864 0.793400635
0.857343279 0.296101242 0.93085193 0.443138078 0.818476004 0.741120851 0.97831013 0.734659791 0.326183272 0.425088945 0.811949119 0.349180896
0.944575146 0.969667843 0.453118959 0.936602769 0.150169169 0.300311607 0.477447272 0.879224646 0.914150622 0.589823547 0.785232736 0.561475756
0.557383834 0.315947447 0.355672278 0.169846672 0.573260119 0.65526869 0.946415832 0.539748535 0.454167097 0.123298014 0.057209894 0.709655986
0.715379395 0.470646213 0.088286389 0.696132494 0.036671688 0.174566549 0.388742842 0.497048891 0.831357394 0.071097513 0.77298077 0.483436333
0.779808312 0.699507325 0.900375891 0.88844975 0.766958302 0.153715306 0.79874943 0.972964303 0.010231659 0.104314262 0.294017088 0.265879076
0.529001388 0.437644713 0.765511141 0.973858858 0.610109301 0.767428994 0.19722255 0.815427994 0.71692014 0.298060218 0.452622455 0.057098321
0.345425898 0.420626835 0.402241485 0.121269813 0.312841201 0.188455303 0.237855601 0.499607304 0.642791288 0.077162555 0.673085267 0.573202006
0.453536282 0.385999925 0.845219604 0.61722855 0.92566299 0.989688179 0.295056374 0.98857535 0.731525243 0.834528543 0.693337319 0.637082476
0.91171662 0.88141792 0.772394232 0.710437436 0.59285089 0.258557614 0.654674561 0.661934835 0.900394496 0.589773863 0.62466511 0.583719569
0.42747024 0.937353012 0.454691238 0.664167342 0.204597344 0.865889105 0.46138545 0.929512069 0.714151649 0.048902691 0.905999602 0.396418222
0.176882676 0.517915104 0.847819772 0.416492117 0.462759855 0.697743175 0.815380318 0.411575803 0.663477537 0.418203407 0.999141101 0.277475333
0.057496583 0.777239746 0.605838265 0.435331158 0.875410994 0.831503605 0.082089769 0.307178068 0.436413975 0.85059075 0.97453137 0.29037975
0.909916848 0.379627773 0.270732996 0.336809245 0.14996998 0.357974155 0.366973373 0.826629463 0.368270274 0.895374401 0.251244098 0.438996096
0.192268735 0.560661934 0.665078636 0.541945597 0.967956079 0.662188592 0.268234372 0.777057867 0.854479064 0.80427162 0.529078371 0.434792386
0.425436412 0.239298371 0.840655172 0.652888407 0.871875296 0.085800577 0.563628168 0.009851349 0.448983911 0.254121152 0.654040334 0.937498947
0.740515338 0.816556098 0.077223862 0.502081369 0.069218228 0.536175983 0.130085891 0.173985195 0.623271937 0.079636324 0.311302817 0.744686655
0.140459594 0.528466114 0.620145105 0.295028766 0.734191497 0.475996651 0.158825887 0.530263776 0.674016638 0.121168485 0.233893008 0.718822015
0.429470187 0.218506372 0.731809069 0.472322747 0.534318571 0.1207507 0.294537063 0.880592607 0.097624308 0.759644697 0.602691187 0.648536761
0.572938958 0.44477904 0.973463136 0.982657596 0.382337432 0.13336811 0.630763034 0.975582527 0.996715624 0.677592941 0.719504725 0.081418973
0.371628283 0.632209063 0.947843078 0.867561785 0.127968937 0.758638814 0.306737903 0.347530707 0.442380751 0.392314911 0.140554217 0.743782338
0.488831296 0.038763924 0.036573255 0.018983109 0.172847097 0.313277919 0.717048535 0.371552796 0.634025328 0.173671343 0.22844503 0.78852481
0.559833087 0.374224502 0.57016967 0.605992237 0.42346946 0.876209039 0.750429468 0.191192485 0.584871207 0.409288803 0.083557583 0.113060299
0.980825097 0.629173246 0.037424206 0.299542591 0.451898029 0.148422932 0.663081467 0.366822251 0.795098811 0.360786741 0.01998541 0.386341697
0.04077355 0.170875379 0.076453273 0.195662331 0.278630833 0.997454986 0.147007009 0.93369221 0.786873466 0.211011588 0.59898112 0.539732019
0.908163984 0.626208065 0.394890608 0.492964474 0.554813408 0.904737127 0.468193276 0.834454611 0.836382167 0.87680321 0.348735355 0.54599581
0.156339005 0.378062442 0.146952804 0.393118688 0.697014862 0.485196309 0.574844139 0.351552012 0.824176649 0.053264845 0.5090102 0.716897806
0.688892335 0.414178202 0.492429332 0.349655526 0.428615023 0.271376939 0.204067901 0.979985326 0.141374048 0.838738038 0.608106599 0.13781231
0.273110355 0.008499482 0.167062056 0.025027635 0.040210442 0.418399695 0.545141693 0.423078417 0.666090021 0.282615226 0.574773939 0.559275899
0.60137371 0.232227936 0.482549998 0.32405716 0.690613574 0.391266597 0.145146131 0.55064951 0.617555264 0.619750697 0.102228092 0.398260012
0.02438465 0.084860022 0.01102666 0.361659224 0.875547943 0.174095263 0.332661997 0.141623447 0.97161231 0.241328698 0.84326673 0.977348045
0.101334355 0.635919898 0.194866783 0.638445914 0.577467849 0.831098642 0.053701987 0.944256862 0.252759945 0.514379362 0.40206247 0.882275707
0.535089567 0.98181791 0.010511433 0.582394033 0.053947638 0.450302371 0.121596909 0.67338153 0.955099546 0.096477741 0.642286556 0.239728163
0.078380863 0.095685473 0.861288885 0.275185552 0.653577029 0.866197216 0.784677872 0.868104434 0.107595961 0.540056134 0.662955275 0.488174115
0.38065388 0.81786978 0.791712444 0.657048755 0.686556118 0.901859285 0.01654334 0.840717808 0.238634578 0.448139561 0.267128297 0.152447473
0.528719 0.299294094 0.563906801 0.021460479 0.350399464 0.264296995 0.209805433 0.000267505 0.970737119 0.076383068 0.577601082 0.855361612
0.559285625 0.886636433 0.064506111 0.837358679 0.642476881 0.92427811 0.268461579 0.7047819 0.842760118 0.819774285 0.030980546 0.730044017
0.351333859 0.907803508 0.756262817 0.205886607 0.849452032 0.352318982 0.579416017 0.856243896 0.666693248 0.844550355 0.329093716 0.409080233
0.614451428 0.331814966 0.2432609 0.273515452 0.399267413 0.854800522 0.610291174 0.575090892 0.290851714 0.561876063 0.803264821 0.838114179
0.739168213 0.707695941 0.396926639 0.665354472 0.903405435 0.366292245 0.384062399 0.815888092 0.930874521 0.385285215 0.832021649 0.860273482
0.804625675 0.872758127 0.063471811 0.828829767 0.01968702 0.002659237 0.30682569 0.084710624 0.843094981 0.233770589 0.568645349 0.736334083
0.282648482 0.422290062 0.942156928 0.467906787 0.906952354 0.679120798 0.882321624 0.369302148 0.436839893 0.216048564 0.854435471 0.827909034
0.556875681 0.844531964 0.839214982 0.753302331 0.611064789 0.894258077 0.743497429 0.985956285 0.947676901 0.985181252 0.150166063 0.228039299
0.698479917 0.957962391 0.540228542 0.7846405 0.198374678 0.94649142 0.798563853 0.440056332 0.768914172 0.447313129 0.628787676 0.962799003
0.463908093 0.718410503 0.098811969 0.908605318 0.799681018 0.592304951 0.599970608 0.715583964 0.644430593 0.394771885 0.468086686 0.397248933
0.560291492 0.279797468 0.90619599 0.791843348 0.911728971 0.901496225 0.447573645 0.494861733 0.005254732 0.519103548 0.961399868 0.156717217
0.812786654 0.527071357 0.624669175 0.020560675 0.654044155 0.840530931 0.844145994 0.713875003 0.322871243 0.522554298 0.955893576 0.45321701
0.943230791 0.478987612 0.047576641 0.136185484 0.381903082 0.230285073 0.090385298 0.394135023 0.08032459 0.527035326 0.504266812 0.642511923
0.628518864 0.481433805 0.61447358 0.325772908 0.678032119 0.521110721 0.057417379 0.65585798 0.688567616 0.850889799 0.629388618 0.440300212
0.241305744 0.226685399 0.851277312 0.3141439 0.486596606 0.185377308 0.992953764 0.711047123 0.470485966 0.137777833 0.426604143 0.332163289
0.308812076 0.433937186 0.75043402 0.084870748 0.32064371 0.682911818 0.73179467 0.55707762 0.420414546 0.335521042 0.862554558 0.335782329
0.973248477 0.804260314 0.69374761 0.737494964 0.503655553 0.421596247 0.114886844 0.707069303 0.613476153 0.017001677 0.616716944 0.407900073
0.036501784 0.090927983 0.999986613 0.243588025 0.78638905 0.464213022 0.27874705 0.248064549 0.615422884 0.97443269 0.477383617 0.42071857
0.740076748 0.057810947 0.606014645 0.260721193 0.413605691 0.204284584 0.0818515 0.578168544 0.970249671 0.256076192 0.453791415 0.307919375
0.203088942 0.93874553 0.73174586 0.090815608 0.08142271 0.668386201 0.314452666 0.775645937 0.017202482 0.277460126 0.827197915 0.52694395
0.28432167 0.967659909 0.106434002 0.277043994 0.859452189 0.95104531 0.68567987 0.108635378 0.2166466 0.02236387 0.321428701 0.503607043
0.151357946 0.47700198 0.185076393 0.002824437 0.702619657 0.054679293 0.394071945 0.039097146 0.711450195 0.012762544 0.551752188 0.340206228
0.559329963 0.977032833 0.900910711 0.716996027 0.970165493 0.793399695 0.038425799 0.627921393 0.21239574 0.358156547 0.283720191 0.073199018
0.912418165 0.217993405 0.603231578 0.423893826 0.098637061 0.283820614 0.58652895 0.706565518 0.532277704 0.119430443 0.54054961 0.928354229
0.002920675 0.156946333 0.392643171 0.608064912 0.069147439 0.778715784 0.47286748 0.952024049 0.832638033 0.901060822 0.377470108 0.061427294
0.516915397 0.135536256 0.1271594 0.861309957 0.301994798 0.479389499 0.756640476 0.334842189 0.327700715 0.256333312 0.10091046 0.165158953
0.114154955 0.557146089 0.204737108 0.283376165 0.094859764 0.999818391 0.761984136 0.901900049 0.506052347 0.194301613 0.225538631 0.93838679
0.51460408 0.152248298 0.249297643 0.209011593 0.101569098 0.586790512 0.328012931 0.469504324 0.350024309 0.372459241 0.833811352 0.333392407
0.157263666 0.401003632 0.111018026 0.78953783 0.751871631 0.158094923 0.115806347 0.887477683 0.410023457 0.888573899 0.454904461 0.477475226
0.621445572 0.077258141 0.743843036 0.353144656 0.670154643 0.521853575 0.69281244 0.542340098 0.554363323 0.083163225 0.156176286 0.370232876
0.191445336 0.937400983 0.999005637 0.898829179 0.103045005 0.782355584 0.024593706 0.426539408 0.01680102 0.962879856 0.27115001 0.167596275
0.98888275 0.694621319 0.390977528 0.086296852 0.639788035 0.064316775 0.087849417 0.268791446 0.76660897 0.674091992 0.562914535 0.893754684
0.458386113 0.613792041 0.136588028 0.013125224 0.62730521 0.916267672 0.962993285 0.422620723 0.913750597 0.658955045 0.816872203 0.579176127
0.912298631 0.204844548 0.600373057 0.609278822 0.813126685 0.977956026 0.889415111 0.45630328 0.253756574 0.673863763 0.81931416 0.676086928
0.897162345 0.490644099 0.375936565 0.493322123 0.512286024 0.911601037 0.211762774 0.884471801 0.222565323 0.228881165 0.069819692 0.454030407
0.807196121 0.193086257 0.246152355 0.891336027 0.560909508 0.485177957 0.533784914 0.111283859 0.365336591 0.016657032 0.339283595 0.994448035
0.09496533 0.561767752 0.306251405 0.169023683 0.65715591 0.584559906 0.040095136 0.132202821 0.684991211 0.308846335 0.544494024 0.213810421
0.010855452 0.272183727 0.545355803 0.67645781 0.880796316 0.035314739 0.974235242 0.031995025 0.339022866 0.399795107 0.264768849 0.139491755
0.20653203 0.550591659 0.114954916 0.328940431 0.509712963 0.381517201 0.155702236 0.601308856 0.049637534 0.819336705 0.873788115 0.721530934
0.30759576 0.550976457 0.012062722 0.45727255 0.891430468 0.171331763 0.156923631 0.316140719 0.777105771 0.586164242 0.046775053 0.964834103
0.418577564 0.988371658 0.636532742 0.416481765 0.154393179 0.1379137 0.177145408 0.539347412 0.4359017 0.994525319 0.242569654 0.746210043
0.165451532 0.186050707 0.043296448 0.677319897 0.582553543 0.258536411 0.485473611 0.541446748 0.799186915 0.227482799 0.097457724 0.747332938
0.145219523 0.681775885 0.841426721 0.675039413 0.214274465 0.254007845 0.674505148 0.85753414 0.631035993 0.844344498 0.226191661 0.556794814
0.574539207 0.161873268 0.233974688 0.62520186 0.704012359 0.894044973 0.104704312 0.332332155 0.415346601 0.645072019 0.98286904 0.183655114
0.45828016 0.192288248 0.312866856 0.218295849 0.652900786 0.469267003 0.632779744 0.807535573 0.897240253 0.194320109 0.851138302 0.541759456
0.901842026 0.475317863 0.979543304 0.487773447 0.111441807 0.698412541 0.846934774 0.930956126 0.542582828 0.615405076 0.641420948 0.835869941
0.704055612 0.720360922 0.905756303 0.237375644 0.3319875 0.95065715 0.431452391 0.475762504 0.863270858 0.466272267 0.062409934 0.548954897
0.183621896 0.854495702 0.262896972 0.026715055 0.973243492 0.637573676 0.651999533 0.266404313 0.69551053 0.423643914 0.348040877 0.228868175
0.93062126 0.317928458 0.075850643 0.689811708 0.611325168 0.498629637 0.038237995 0.876102928 0.550250114 0.515664856 0.369891302 0.333028051
0.71888162 0.918259427 0.761922357 0.072481848 0.426415957 0.520470538 0.209050412 0.046204308 0.909242551 0.436050172 0.599033768 0.925159367
0.888464492 0.353823531 0.182816373 0.349409504 0.921960241 0.97317374 0.949982737 0.34604868 0.652553428 0.6203462 0.569878318 0.528099768
0.736690224 0.36597394 0.106631667 0.529821945 0.56447294 0.999379229 0.580158727 0.027574279 0.602560962 0.28050946 0.127858356 0.56637576
0.92584907 0.101263339 0.028174763 0.459652823 0.112304536 0.117063591 0.611978903 0.602417686 0.34136265 0.351297701 0.410908246 0.683520568
0.792958105 0.220997061 0.523232107 0.281122743 0.678241383 0.96391752 0.843694522 0.127341554 0.985287266 0.181514267 0.918111358 0.118123995
0.356934157 0.673482443 0.49836172 0.754379594 0.990344936 0.584515168 0.076294926 0.107531769 0.01757592 0.955549075 0.18944158 0.460344433
0.594037955 0.232562639 0.158102799 0.784021062 0.839844277 0.692141681 0.665340121 0.73547252 0.429713923 0.581178567 0.133524917 0.646363792
0.833427412 0.551979262 0.170290378 0.170903678 0.042878578 0.242412769 0.984270116 0.758678283 0.624790207 0.664111513 0.788161237 0.354167693
0.681799963 0.563460763 0.580315366 0.008978282 0.713475329 0.876334193 0.42445403 0.941319104 0.84794718 0.259321161 0.191959508 0.331935397
0.994128353 0.043930812 0.860510319 0.893965848 0.76980124 0.886469947 0.068050828 0.896444698 0.175255764 0.609686293 0.700801473 0.867356889
0.832356202 0.555947091 0.696737279 0.895701983 0.693762211 0.741029692 0.644805515 0.027947202 0.269578563 0.5651434 0.705220568 0.395431509
0.40689435 0.754977004 0.149513668 0.473448954 0.687803787 0.421315677 0.191784197 0.690778926 0.837590873 0.322202613 0.268266205 0.240848141
0.938688979 0.605253448 0.190956189 0.83329544 0.207741679 0.562900339 0.296871887 0.916757949 0.418580765 0.864654287 0.018099908 0.77299606
0.600514445 0.02551498 0.284251231 0.582922795 0.531151958 0.333257055 0.942372478 0.986766108 0.920282782 0.107051481 0.470708762 0.797453846
0.634203477 0.793600964 0.558975753 0.105122909 0.76856326 0.046917342 0.33001585 0.208967085 0.955361937 0.408382761 0.194861026 0.285263758
0.22802762 0.779494121 0.595419652 0.003375723 0.611203994 0.64139632 0.318234867 0.680151868 0.742979075 0.062314744 0.563542369 0.450316964
0.55642404 0.98267944 0.582381518 0.515234816 0.76439591 0.33639828 0.647250573 0.87045053 0.167594831 0.23029582 0.034976946 0.834299072
0.368693008 0.685578725 0.927163474 0.715980912 0.295095854 0.66208771 0.642104899 0.933245392 0.178546145 0.071604226 0.827807349 0.077518199
0.699031019 0.686121669 0.53188897 0.026719537 0.581917297 0.981381906 0.067996268 0.026188707 0.79209644 0.625562397 0.47762413 0.407486489
0.402320222 0.28948797 0.72268994 0.001003302 0.015424985 0.624942489 0.864027053 0.915740678 0.54235154 0.243336936 0.299166439 0.707682519
0.757791942 0.441788176 0.177413011 0.280822061 0.348731413 0.552569759 0.680808592 0.757162332 0.026518244 0.597724387 0.309227517 0.634619733
0.819077623 0.808946889 0.909241846 0.924617905 0.695218203 0.691251205 0.437343759 0.617872148 0.285546506 0.761717311 0.060380172 0.624095227
0.922931705 0.358904313 0.336784075 0.943610732 0.931584922 0.483579577 0.034545583 0.201596667 0.449979626 0.025834117 0.828030618 0.324540694
0.939342427 0.257319458 0.104300193 0.25354164 0.44110501 0.381227194 0.366697626 0.42378441 0.513750328 0.095874897 0.356129286 0.31540496
0.465136892 0.779256819 0.214773558 0.745054291 0.436087925 0.364801503 0.639756805 0.298008312 0.818003632 0.45880091 0.964031772 0.123735392
0.496163875 0.42539091 0.687744836 0.999459127 0.454927544 0.586354231 0.618931505 0.721926957 0.839330096 0.342026726 0.177169943 0.838985453
0.418400016 0.81491609 0.921975339 0.697809186 0.94555884 0.258989801 0.969983328 0.110634736 0.046529168 0.156381028 0.362438934 0.335926325
0.36642298 0.776826247 0.16042377 0.737758488 0.078007224 0.851681725 0.448834436 0.666777732 0.99333693 0.539177825 0.453254961 0.053555881
0.678236892 0.508186352 0.621607206 0.582203196 0.882241262 0.853813785 0.512606054 0.43704135 0.750310804 0.866560431 0.015084368 0.859818961
0.827018715 0.813038492 0.454364753 0.132452291 0.668460963 0.338194086 0.303068782 0.457516437 0.403719733 0.595352288 0.501643006 0.844409811
0.006673399 0.576606138 0.187705348 0.240252166 0.217787275 0.029442939 0.900618249 0.610804802 0.632490065 0.748775833 0.575495809 0.357430051
0.32532607 0.441071303 0.024317943 0.48602679 0.594071488 0.141447984 0.993432784 0.480806467 0.843426509 0.101940288 0.535431952 0.447490143
0.96529963 0.672571479 0.129000104 0.99964595 0.926632794 0.002238365 0.642361715 0.833787893 0.75118932 0.833975778 0.378224459 0.286788755
0.117383486 0.320990209 0.220075464 0.0739145 0.2803708 0.078372476 0.05762682 0.089630826 0.876997927 0.835073248 0.887049342 0.546352523
0.283988058 0.237480131 0.399003124 0.352082547 0.988931535 0.728925818 0.958447523 0.5105646 0.269702105 0.086115499 0.353558494 0.963761677
0.223255025 0.302457367 0.116639979 0.243844382 0.982922217 0.851175364 0.858195312 0.814641622 0.010768396 0.595156051 0.696387729 0.906348332
0.984125274 0.778934225 0.064878823 0.059065195 0.794891546 0.700952485 0.979414129 0.607265958 0.543304625 0.197491427 0.538013584 0.113325285
0.111753533 0.67788425 0.126058427 0.571337349 0.773453009 0.549852771 0.62768463 0.145446761 0.799665052 0.734552244 0.903835166 0.692735765
0.841890627 0.59779795 0.104964461 0.607934019 0.519984319 0.198563199 0.742768447 0.360228394 0.416426874 0.134300676 0.472719451 0.134995874
0.178686501 0.907961545 0.917446076 0.008676824 0.893710189 0.801314959 0.749455598 0.18142449 0.924095198 0.334222905 0.511996007 0.445392682
0.995898578 0.12443183 0.84218797 0.458746008 0.193649565 0.897406805 0.708432545 0.930276919 0.031103215 0.826222109 0.136387722 0.282655668
0.018045523 0.758712351 0.442752106 0.161130767 0.147220588 0.027547208 0.818267082 0.984836713 0.460117349 0.740540988 0.43056186 0.571200094
0.24579198 0.911411374 0.965402263 0.593381648 0.294251784 0.493808701 0.225682499 0.256181258 0.625454825 0.353353328 0.023956273 0.710605956
0.851368958 0.476806348 0.298313472 0.758878 0.710174121 0.684503239 0.423376499 0.168516519 0.154757511 0.463236448 0.839311691 0.479721924
0.218122665 0.64659483 0.49559064 0.78886898 0.277368064 0.623935869 0.876532078 0.534854151 0.155273522 0.592389443 0.523415794 0.194273034
0.91460566 0.021267879 0.789171178 0.242515232 0.188184614 0.843778545 0.115185526 0.370218542 0.60071851 0.110335231 0.644351657 0.55834088
0.948486952 0.057628246 0.522140562 0.396409025 0.409808948 0.166629318 0.724338411 0.214497132 0.132638825 0.936645394 0.432606266 0.602457654
0.200147886 0.975470572 0.2051081 0.83465215 0.872097669 0.01883387 0.985853965 0.631659578 0.500211442 0.042824823 0.830922691 0.055748387
0.236745094 0.255676376 0.137050255 0.754088449 0.274887135 0.545555848 0.65359665 0.401719286 0.851651836 0.221372119 0.180719983 0.768939102
0.704255347 0.75104536 0.853448175 0.753600395 0.465501179 0.927816359 0.640841068 0.372681127 0.512256189 0.208014591 0.902310224 0.098267441
0.665687908 0.818302166 0.843102336 0.790562213 0.86957775 0.684026041 0.560916063 0.737164449 0.144555066 0.905745953 0.898180324 0.057156843
0.085009986 0.475422114 0.084858636 0.858558576 0.590532561 0.366703667 0.784515081 0.202285058 0.143895388 0.521212747 0.383574674 0.091725637
0.121344184 0.056767644 0.095567794 0.397798224 7.97483E-05 0.948492603 0.126004992 0.723157232 0.091505151 0.393961802 0.112339555 0.261762511
0.099767315 0.024753924 0.533213189 0.890312738 0.041101388 0.905604469 0.485522727 0.454066941 0.724620928 0.365267134 0.382114794 0.214556758
0.217047486 0.539914063 0.674370683 0.182614277 0.56786577 0.624696603 0.209196209 0.548889313 0.304996633 0.908622461 0.247984733 0.66215456
0.597083135 0.298632985 0.850451282 0.771551085 0.635708536 0.956296139 0.376749381 0.522652349 0.940329559 0.751669175 0.670573016 0.21648371
0.984023236 0.972633792 0.375294703 0.277139743 0.310699216 0.854150418 0.396887645 0.101958744 0.394118258 0.068214324 0.256083256 0.204330324
0.422249209 0.781509027 0.063801005 0.955957119 0.169496176 0.555341125 0.345334394 0.574339049 0.612449802 0.884411725 0.270557177 0.682211227
0.229249876 0.339584711 0.635428288 0.358677404 0.07822701 0.83651725 0.817034569 0.0982059 0.047637455 0.480147253 0.34430671 0.388603053
0.932628764 0.519158617 0.694072142 0.035571575 0.140558522 0.698706289 0.82638846 0.579656587 0.397446622 0.889935904 0.907697025 0.504911758
0.386151529 0.53860048 0.596842571 0.471851914 0.725258005 0.146634035 0.899297588 0.362897457 0.337102655 0.743588056 0.814851281 0.434840521
0.548093653 0.947974001 0.702166756 0.879758188 0.203065921 0.242028921 0.722677904 0.38148292 0.750656919 0.705654785 0.117687878 0.673593443
0.797932718 0.242824769 0.947958668 0.162578272 0.258041077 0.976686305 0.856731836 0.442904258 0.364345327 0.715260369 0.099514514 0.23636574
0.114497977 0.606119617 0.272632114 0.053492801 0.57840522 0.332305326 0.981888318 0.317974652 0.038572304 0.130370113 0.048159911 0.33308079
0.805925588 0.938800344 0.724786418 0.234984974 0.881942019 0.832959763 0.92616527 0.257698769 0.70026643 0.321655319 0.284760324 0.135816405
0.712462978 0.082891371 0.474471556 0.963433003 0.553247471 0.045449541 0.398539168 0.087985766 0.60362772 0.871920865 0.607399031 0.005069304
0.278396169 0.515597297 0.306096917 0.527578356 0.133376178 0.823207265 0.472481937 0.16865115 0.863723548 0.702349543 0.042724776 0.984517105
0.633346319 0.992613701 0.770775418 0.643298847 0.132195716 0.181371881 0.852392731 0.067792568 0.667591158 0.895642384 0.547744661 0.175844286
0.837168748 0.103492863 0.150770799 0.171388729 0.952698183 0.513870882 0.660644622 0.520730962 0.086442127 0.000835844 0.66166571 0.026056018
0.684533188 0.126212983 0.038802284 0.442068578 0.980773556 0.512324338 0.690933858 0.215898496 0.588538968 0.413769477 0.78324007 0.207334939
0.748135089 0.091155821 0.544621442 0.707601204 0.363696826 0.222420222 0.098593471 0.984985626 0.240824952 0.230405255 0.40524213 0.539316945
0.120143504 0.737255452 0.800629909 0.040585256 0.874243408 0.784306787 0.156919702 0.091838671 0.21631689 0.752466448 0.419469045 0.53606648
0.98753053 0.009955182 0.996887056 0.550687219 0.970955888 0.384594286 0.218229805 0.732088536 0.947700523 0.957373078 0.384473885 0.232473422
0.615124088 0.246564932 0.283343524 0.608692127 0.220850557 0.002335451 0.13915217 0.754141699 0.134316427 0.973256411 0.043048416 0.611890233
0.391606864 0.261359464 0.792574596 0.612235378 0.988180673 0.131878178 0.398980084 0.320391984 0.872545402 0.990202914 0.118761137 0.001267125
0.603616816 0.408660765 0.278448105 0.518377037 0.537956323 0.143427451 0.915911743 0.320519738 0.238197521 0.18529794 0.271184519 0.903853432
0.543998941 0.646873108 0.620255119 0.798478997 0.869875315 0.862337069 0.34015442 0.889383132 0.663982998 0.563556172 0.127881993 0.818404426
0.348201972 0.93893696 0.667137183 0.158491579 0.73338769 0.675010016 0.08606525 0.544668964 0.918937732 0.540314465 0.790163097 0.035218788
0.181921466 0.524718668 0.180284188 0.88112217 0.286389457 0.856790904 0.089227771 0.696324164 0.910654173 0.0061923 0.925419802 0.671386198
0.562835711 0.890172748 0.779045999 0.239991193 0.370211693 0.791383999 0.729228369 0.867382741 0.22616395 0.801793933 0.834356936 0.310216946
0.912506656 0.806601141 0.221641061 0.019258257 0.035329365 0.575724738 0.661857834 0.077705467 0.498682858 0.385368178 0.078756169 0.761522493
0.214998047 0.111642723 0.311739128 0.035826674 0.863116364 0.184514165 0.520058251 0.650343383 0.273633669 0.221839955 0.595843304 0.462841844
0.750765251 0.134337029 0.641590662 0.125402766 0.670906347 0.56399119 0.459703757 0.623465002 0.221375472 0.578781483 0.086090217 0.706197296
0.830394566 0.800382974 0.22952321 0.976821785 0.059541439 0.89864278 0.300102824 0.344770512 0.866075475 0.815123559 0.772892419 0.375776634
0.844569098 0.477439241 0.922404187 0.557405744 0.831895642 0.483531862 0.618287908 0.499555369 0.530046793 0.312344663 0.201844591 0.536265895
0.863846087 0.149365556 0.989729148 0.166042175 0.72346214 0.040495429 0.943068439 0.308161852 0.937928185 0.257899507 0.367152966 0.673454797
0.632130968 0.430193973 0.842385535 0.411855752 0.602276127 0.139909198 0.844962374 0.932407128 0.38695017 0.375874297 0.830909122 0.490609702
0.946981149 0.46841711 0.921903081 0.848178789 0.23225622 0.30979419 0.667954014 0.924938141 0.678785277 0.190454703 0.984824616 0.944766994
0.298759851 0.636249716 0.63770403 0.213613019 0.510217755 0.773908424 0.969786311 0.902855476 0.552526342 0.113986488 0.22930929 0.648313899
0.230775533 0.248528368 0.462929332 0.68684803 0.471012359 0.867977283 0.971104555 0.900218616 0.153102116 0.013461723 0.226976625 0.315006179
0.897399738 0.114433047 0.313415395 0.540292697 0.570668777 0.49079978 0.343016489 0.546794205 0.37266296 0.170487328 0.454109515 0.985117335
0.216956751 0.204793723 0.426993023 0.62811547 0.408138288 0.446331306 0.094773312 0.889488873 0.407567003 0.510130985 0.798100804 0.145960742
0.474253425 0.263536679 0.142327366 0.983646657 0.24806509 0.302007272 0.344973011 0.320220333 0.379373742 0.354904094 0.743724646 0.800291364
0.390057928 0.712895203 0.2788246 0.856603806 0.511834096 0.240622221 0.853370096 0.281015996 0.973244993 0.315910538 0.231245551 0.329602774
0.116583789 0.443011541 0.632631989 0.981902676 0.622717875 0.863207803 0.889540433 0.829273874 0.407739302 0.949208241 0.926889496 0.613993068
0.137806236 0.224113262 0.462470582 0.12639432 0.149299085 0.371139576 0.525142035 0.02283014 0.834762695 0.551194103 0.77620057 0.329309374
0.150563888 0.104323956 0.685872625 0.973446895 0.535145125 0.687258414 0.160988521 0.656541656 0.489894205 0.937745152 0.309475998 0.19612074
0.57041295 0.951712759 0.068923173 0.206062689 0.936759519 0.883686264 0.755622654 0.442185551 0.836741786 0.971835854 0.693182387 0.184348272
0.300972806 0.382753712 0.738745819 0.629676477 0.376028591 0.939227801 0.710085304 0.649274233 0.882212614 0.973506689 0.369784459 0.55658342
0.386528772 0.085760565 0.763004948 0.314842499 0.285132 0.35548766 0.652778448 0.479131543 0.542717002 0.228494172 0.631759476 0.996365246
0.816109783 0.965722761 0.664510621 0.903987471 0.34136307 0.079092436 0.96136275 0.741188355 0.105005076 0.112409677 0.743869531 0.215307479
0.560394421 0.388589725 0.664002356 0.4235262 0.270706592 0.859413268 0.687446182 0.212262838 0.6182468 0.906131345 0.859725473 0.950629485
0.194865554 0.463296193 0.718652287 0.994882962 0.763467603 0.528164126 0.342201543 0.24529729 0.75886249 0.732834108 0.233062286 0.908217178
0.468152592 0.730447509 0.551713556 0.404343314 0.3891831 0.08099749 0.130419944 0.657036268 0.483528005 0.018642503 0.826585004 0.518636838
0.351800868 0.454637744 0.259306083 0.146483639 0.044283444 0.084033471 0.781187871 0.466407246 0.531968413 0.660961395 0.420968322 0.045305562
0.314224603 0.11652199 0.153455919 0.367497878 0.811967879 0.261093849 0.542573815 0.63009359 0.000433518 0.97143939 0.473530472 0.288861742
0.417243987 0.83710355 0.360921421 0.145933371 0.004045752 0.442934058 0.630296488 0.30471609 0.274146589 0.865939864 0.299821037 0.369697638
0.250404986 0.626223892 0.01815182 0.485087985 0.800462343 0.420742066 0.02276853 0.562366751 0.909549236 0.971303465 0.529203102 0.035480884
0.532756709 0.882874884 0.970614488 0.332784181 0.833571982 0.897281884 0.132525105 0.288823277 0.524935083 0.889698802 0.957173244 0.645593521
0.180202435 0.871929123 0.418728907 0.755977146 0.821911941 0.110482504 0.345427305 0.702498547 0.312633999 0.00792681 0.116299855 0.287396099
0.284975542 0.226282647 0.859787268 0.968497878 0.100042888 0.277822482 0.13439829 0.412575951 0.681046234 0.293501297 0.780365301 0.485000382
0.993293826 0.875658175 0.936472341 0.401852103 0.820072002 0.831017163 0.2533693 0.631552629 0.036907005 0.776192058 0.330644264 0.868901828
0.157176088 0.938201057 0.865372736 0.070353346 0.794638433 0.562241319 0.24079816 0.167047462 0.643826169 0.677161032 0.929714735 0.704144411
0.473425973 0.262162151 0.29165135 0.9231977 0.902238991 0.473050245 0.882059033 0.984422021 0.852347772 0.967738492 0.086612263 0.511256352
0.582887549 0.750165875 0.206125244 0.73845916 0.679522205 0.804347605 0.420634781 0.676480527 0.672027933 0.878496942 0.001547746 0.956847601
0.580828194 0.211948957 0.731100847 0.163581555 0.831955252 0.699286905 0.063369188 0.573688767 0.340043625 0.432649955 0.467097267 0.924858472
0.539185482 0.66538329 0.21713812 0.906649489 0.363800578 0.489466389 0.241010109 0.728871955 0.564477241 0.646430978 0.989092305 0.84876886
0.986982968 0.172582762 0.247069806 0.182327258 0.074506748 0.567138787 0.41289563 0.10740666 0.52860826 0.14230731 0.575969257 0.254177693
0.644875648 0.077689917 0.620271942 0.983557412 0.969387168 0.97628923 0.773294611 0.940744169 0.508571959 0.240193264 0.916003752 0.715358624
0.767454941 0.462012619 0.622367143 0.818945231 0.349592827 0.314391604 0.683160468 0.127240296 0.457623094 0.834222571 0.066617135 0.675615239
